1.0895553,
1.0924908, 
1.0938309, 
1.0946157, 
1.0951551, 
1.0955694, 
1.0958574, 
1.096019, 
1.0960946, 
1.0961914, 
1.0962515, 
1.096368, 
1.0964043, 
1.0964614, 
1.0964888, 
1.0965052, 
1.0965248, 
1.0965059, 
1.0965245, 
1.0964957, 
1.0964094, 
1.0964599, 
1.0964235, 
1.0963508, 
1.0963647, 
1.0963809, 
1.0963221, 
1.0963322, 
1.0963182, 
1.0962815, 
1.09624, 
1.0962831, 
1.0962418, 
1.0962529, 
1.0963312, 
1.0962653, 
1.0962428, 
1.0962163, 
1.096189, 
1.0962161, 
1.0962176, 
1.0961481, 
1.0961163, 
1.0960414, 
1.0960581, 
1.0960696, 
1.0960335, 
1.0959439, 
1.0959038, 
1.0958972, 
1.0960094, 
1.0964025, 
1.0966071, 
1.0967572, 
1.0968262, 
1.0967855, 
1.0958773, 
1.0956687, 
1.0955876, 
1.0955479, 
1.0954952, 
1.095458, 
1.0953642, 
1.0953134, 
1.0953089, 
1.0952225, 
1.0952063, 
1.0951535, 
1.0950963, 
1.0950252, 
1.0949563, 
1.0949478, 
1.0949146, 
1.0948806, 
1.0948541, 
1.0948173, 
1.0947393, 
1.0947195, 
1.0946909, 
1.0946635, 
1.0946273, 
1.0945498, 
1.0945283, 
1.0944755, 
1.0944335, 
1.0943536, 
1.0944251, 
1.0943229, 
1.0942578, 
1.0942037, 
1.0941659, 
1.0941333, 
1.0941055, 
1.0940368, 
1.0939764, 
1.0939144, 
1.0939567, 
1.0938585, 
1.0937799, 
1.0937657, 
1.0937191, 
1.0936785, 
1.0936844, 
1.0935876, 
1.0935229, 
1.0934792, 
1.0934147, 
1.0933647, 
1.0932938, 
1.0931971, 
1.0932541, 
1.0931993, 
1.0931405, 
1.0930947, 
1.0930861, 
1.0930322, 
1.0917281, 
1.0929463, 
1.0928969, 
1.0928537, 
1.0928378, 
1.0928301, 
1.0927538, 
1.0927341, 
1.0927119, 
1.0926448, 
1.0925884, 
1.0925485, 
1.0924816, 
1.0924598, 
1.0923544, 
1.0923107, 
1.0922275, 
1.0921513, 
1.092085, 
1.092032, 
1.0919528, 
1.0918962, 
1.0918453, 
1.0918276, 
1.0917438, 
1.0916834, 
1.0916368, 
1.0916058, 
1.0915302, 
1.0914149, 
1.0901636, 
1.0913409, 
1.0912786, 
1.0911952, 
1.0911933, 
1.0911511, 
1.0911009, 
1.0910767, 
1.091004, 
1.0909719, 
1.0909227, 
1.0908445, 
1.0908103, 
1.0907147, 
1.0906721, 
1.0906131, 
1.0905839, 
1.0905194, 
1.0904864, 
1.0906129, 
1.0907199, 
1.0907136, 
1.0905262, 
1.090333, 
1.090161, 
1.0900691, 
1.0900769, 
1.0902193, 
1.0903132, 
1.090363, 
1.0903494, 
1.0902929, 
1.090184, 
1.0900542, 
1.0898492, 
1.0895959, 
1.0895275, 
1.0894611, 
1.0893977, 
1.0893382, 
1.0892642, 
1.0892045, 
1.0891383, 
1.089066, 
1.0890037, 
1.0889781, 
1.0890095, 
1.0890777, 
1.0892221, 
1.0892206, 
1.0891346, 
1.0889249, 
1.0886943, 
1.0885605, 
1.0885803, 
1.0888114, 
1.0889975, 
1.0890565, 
1.0891134, 
1.0890549, 
1.0889701, 
1.0888274, 
1.0886561, 
1.0882186, 
1.0879806, 
1.0878788, 
1.0877818, 
1.0877094, 
1.0876271, 
1.0875359, 
1.0874461, 
1.0873886, 
1.0873328, 
1.087307, 
1.0873256, 
1.0873597, 
1.0874764, 
1.0875535, 
1.0873897, 
1.0871544, 
1.086886, 
1.0867876, 
1.0867056, 
1.0867541, 
1.0868498, 
1.0869629, 
1.0869367, 
1.0868722, 
1.0867945, 
1.0866843, 
1.0865797, 
1.0862637, 
1.0861106, 
1.0861212, 
1.0859945, 
1.085923, 
1.0857925, 
1.085722, 
1.0856484, 
1.0856091, 
1.0855489, 
1.0855227, 
1.085452, 
1.0855026, 
1.0855666, 
1.0856389, 
1.0855149, 
1.0853019, 
1.0850363, 
1.0849094, 
1.0847952, 
1.0848142, 
1.0849013, 
1.0849655, 
1.0849304, 
1.0849138, 
1.084825, 
1.0847285, 
1.0846608, 
1.0843343, 
1.0840712, 
1.0839294, 
1.0838319, 
1.082544, 
1.0837008, 
1.0835733, 
1.083501, 
1.0833992, 
1.0833458, 
1.0832696, 
1.0832121, 
1.0831379, 
1.0831753, 
1.0832469, 
1.0831618, 
1.0829494, 
1.0827831, 
1.08271, 
1.0825937, 
1.082608, 
1.0826755, 
1.0827495, 
1.0828093, 
1.0828273, 
1.0828044, 
1.0827706, 
1.0827478, 
1.0824944, 
1.0821273, 
1.0818524, 
1.0817317, 
1.0816543, 
1.0815403, 
1.0814494, 
1.0801432, 
1.0812588, 
1.0811594, 
1.0810599, 
1.0809587, 
1.0808836, 
1.080817, 
1.0807666, 
1.0805961, 
1.0805911, 
1.0804439, 
1.080364, 
1.0802584, 
1.0801646, 
1.0801306, 
1.0799278, 
1.0800371, 
1.0800439, 
1.0800039, 
1.0798995, 
1.0798398, 
1.079694, 
1.0793804, 
1.0792816, 
1.0791974, 
1.0790908, 
1.0789891, 
1.0788851, 
1.0787981, 
1.0787127, 
1.0786045, 
1.0785218, 
1.0784041, 
1.0783188, 
1.078897, 
1.0792925, 
1.0794401, 
1.0793327, 
1.0789971, 
1.0790869, 
1.0789713, 
1.0790513, 
1.0792679, 
1.0794171, 
1.0795234, 
1.0796041, 
1.0795695, 
1.079591, 
1.0794988, 
1.0794023, 
1.0790241, 
1.0786308, 
1.0783403, 
1.078082, 
1.0778939, 
1.0777211, 
1.077599, 
1.0773131, 
1.0773752, 
1.0771036, 
1.0772163, 
1.0770892, 
1.0770037, 
1.0770246, 
1.0770245, 
1.0768803, 
1.0766208, 
1.0765376, 
1.0764133, 
1.0763302, 
1.076382, 
1.0765779, 
1.0765834, 
1.0766761, 
1.0766702, 
1.0766701, 
1.0766162, 
1.076486, 
1.0757451, 
1.0757927, 
1.0756098, 
1.0753745, 
1.0749696, 
1.0750407, 
1.0744549, 
1.0745635, 
1.0746982, 
1.0746567, 
1.0745567, 
1.0743723, 
1.0744045, 
1.0744292, 
1.074438, 
1.0741979, 
1.073733, 
1.0738332, 
1.0736847, 
1.0734589, 
1.0735353, 
1.0735601, 
1.0734358, 
1.0737715, 
1.073613, 
1.0730242, 
1.0732725, 
1.0735848, 
1.0729234, 
1.0729407, 
1.0723425, 
1.0721841, 
1.0722107, 
1.0720837, 
1.0718642, 
1.071829, 
1.0716485, 
1.071527, 
1.0715495, 
1.0714611, 
1.0711023, 
1.071072, 
1.0711539, 
1.0711211, 
1.0703412, 
1.0702782, 
1.0704018, 
1.0698626, 
1.0696416, 
1.0703077, 
1.0705184, 
1.0701058, 
1.0704937, 
1.0701028, 
1.070076, 
1.0698808, 
1.0695959, 
1.0692042, 
1.0692825, 
1.0688241, 
1.0684561, 
1.0681912, 
1.0679389, 
1.0682528, 
1.0675675, 
1.0671558, 
1.0676138, 
1.067578, 
1.0675547, 
1.0674044, 
1.0673814, 
1.0674131, 
1.0668598, 
1.0667481, 
1.0663356, 
1.0664765, 
1.0659611, 
1.0661334, 
1.0662674, 
1.0661298, 
1.0660831, 
1.0655376, 
1.0654421, 
1.065495, 
1.0655763, 
1.0650218, 
1.0644711, 
1.0641093, 
1.0642331, 
1.0638355, 
1.0638402, 
1.0629882, 
1.0633852, 
1.0630107, 
1.0627104, 
1.0626855, 
1.0625554, 
1.0625362, 
1.0624375, 
1.0622362, 
1.0618849, 
1.0617318, 
1.0615991, 
1.0609328, 
1.0610814, 
1.0607885, 
1.060999, 
1.0609961, 
1.0599356, 
1.061156, 
1.0609525, 
1.0612417, 
1.0603949, 
1.0603393, 
1.0600984, 
1.0592344, 
1.0591586, 
1.0585097, 
1.0581377, 
1.058141, 
1.0577947, 
1.0567963, 
1.0565548, 
1.0541987, 
1.0556728, 
1.0548584, 
1.0553725, 
1.0548797, 
1.0541154, 
1.0545083, 
1.0543311, 
1.0537839, 
1.0536263, 
1.0530715, 
1.0526879, 
1.0524348, 
1.0527705, 
1.0525432, 
1.0526104, 
1.0519493, 
1.0522608, 
1.0513928, 
1.0515395, 
1.0507191, 
1.0503433, 
1.0498625, 
1.0496076, 
1.0490289, 
1.0489576, 
1.0485946, 
1.0483843, 
1.0477384, 
1.0476981, 
1.0473075, 
1.0469205, 
1.046757, 
1.0467815, 
1.0460247, 
1.0455822, 
1.0455509, 
1.0448873, 
1.04458, 
1.0443935, 
1.044639, 
1.0443375, 
1.044161, 
1.0438249, 
1.0432888, 
1.0428069, 
1.042502, 
1.0410599, 
1.041719, 
1.0413135, 
1.0407933, 
1.0403383, 
1.0400388, 
1.0395347, 
1.0390022, 
1.0389912, 
1.0384394, 
1.0380819, 
1.0380062, 
1.0374449, 
1.0368184, 
1.0366745, 
1.0362575, 
1.0360225, 
1.0355071, 
1.0349694, 
1.0343617, 
1.0343552, 
1.0339223, 
1.0336361, 
1.0331241, 
1.0331407, 
1.0329262, 
1.0329545, 
1.0325794, 
1.0320066, 
1.0316849, 
1.031002, 
1.0298587, 
1.0295821, 
1.0287373, 
1.0283524, 
1.0273643, 
1.0272108, 
1.0266292, 
1.0257795, 
1.0251701, 
1.024502, 
1.0235296, 
1.0228593, 
1.0205746, 
1.0200112, 
1.01958, 
1.0189159, 
1.0179505, 
1.0163133, 
1.0153095, 
1.0144247, 
1.0130609, 
1.0080308, 
1.0033565, 
1.0010794, 
0.9989118, 
0.99633235, 
0.99545318, 
0.99315208, 
0.98982912, 
0.98932564, 
0.98820353, 
0.98732662, 
0.98506916, 
0.98398674, 
0.98349053, 
0.98238367, 
0.98105848, 
0.97889394, 
0.97772479, 
0.97711879, 
0.97529143, 
0.9745695, 
0.97357786, 
0.97176021, 
0.96867955, 
0.96819913, 
0.96683568, 
0.96517545, 
0.96190053, 
0.96010953, 
0.95934063, 
0.95489401, 
0.95380205, 
0.95299339, 
0.95061326, 
0.95011318, 
0.94761944, 
0.94660604, 
0.94505018, 
0.94415802, 
0.94196677, 
0.93966591, 
0.93853855, 
0.93657857, 
0.93568176, 
0.93360817, 
0.93221724, 
0.92806315, 
0.92711109, 
0.92312276, 
0.92196679, 
0.9210754, 
0.91896069, 
0.91659784, 
0.90106678, 
0.89992851, 
0.89909989, 
0.88621312, 
0.88773227, 
0.88568318, 
0.88461751, 
0.88343203, 
0.88227642, 
0.88161159, 
