1.0751325,
1.0778366, 
1.0789613, 
1.0795897, 
1.0801555, 
1.0804064, 
1.080685, 
1.0807978, 
1.080914, 
1.0810486, 
1.0811299, 
1.0811639, 
1.0812281, 
1.0812478, 
1.0812968, 
1.0812578, 
1.0813031, 
1.0813153, 
1.0813152, 
1.0813514, 
1.0813408, 
1.0813305, 
1.0813515, 
1.0813745, 
1.0812387, 
1.0812483, 
1.0812505, 
1.0812807, 
1.0813103, 
1.0812517, 
1.0812395, 
1.0812634, 
1.0812385, 
1.081282, 
1.0812666, 
1.0812351, 
1.0812566, 
1.0812696, 
1.0812503, 
1.0812559, 
1.081242, 
1.0811476, 
1.0811515, 
1.0811298, 
1.0810924, 
1.0810984, 
1.0810492, 
1.0810244, 
1.0810045, 
1.080977, 
1.0810436, 
1.0812874, 
1.0814766, 
1.0816311, 
1.0816567, 
1.0816463, 
1.0810215, 
1.0808626, 
1.0808454, 
1.0807967, 
1.0807858, 
1.080772, 
1.080734, 
1.0808103, 
1.0806695, 
1.0806384, 
1.0806123, 
1.080584, 
1.0805349, 
1.0804456, 
1.0804278, 
1.0804051, 
1.0803767, 
1.0803533, 
1.0803205, 
1.0802592, 
1.0802605, 
1.0802188, 
1.0801952, 
1.0801467, 
1.0801034, 
1.0800568, 
1.0800389, 
1.0799866, 
1.0799601, 
1.0799618, 
1.079965, 
1.0798899, 
1.0798346, 
1.0797598, 
1.079743, 
1.0796899, 
1.079644, 
1.0796245, 
1.0795826, 
1.0795473, 
1.0795412, 
1.0794775, 
1.0794117, 
1.0793804, 
1.0793387, 
1.0792978, 
1.0792741, 
1.0792534, 
1.0791035, 
1.0791141, 
1.0790796, 
1.0789913, 
1.0789045, 
1.0789328, 
1.0789417, 
1.0788803, 
1.0788572, 
1.0788326, 
1.0787823, 
1.0774834, 
1.0786434, 
1.0786297, 
1.0785967, 
1.0785698, 
1.0785524, 
1.0785276, 
1.0785294, 
1.0784796, 
1.0784074, 
1.0783349, 
1.078274, 
1.0781925, 
1.0781649, 
1.078089, 
1.0780556, 
1.0780114, 
1.0779699, 
1.0779198, 
1.0778691, 
1.0777919, 
1.0777051, 
1.0776356, 
1.0776445, 
1.0775752, 
1.0775673, 
1.0775349, 
1.0775403, 
1.0774621, 
1.0773321, 
1.0761144, 
1.077306, 
1.0772272, 
1.0771562, 
1.0771083, 
1.0770942, 
1.0770655, 
1.0770167, 
1.0769784, 
1.0769444, 
1.0768945, 
1.0768467, 
1.0768178, 
1.0767123, 
1.0766991, 
1.0766244, 
1.0765612, 
1.076543, 
1.0765374, 
1.0765797, 
1.076707, 
1.0766685, 
1.0765326, 
1.0763788, 
1.0762448, 
1.0761383, 
1.0761019, 
1.076219, 
1.0762818, 
1.076334, 
1.0763028, 
1.0762541, 
1.0761679, 
1.0760622, 
1.0758898, 
1.0756757, 
1.0755635, 
1.0755172, 
1.075441, 
1.0754088, 
1.0753284, 
1.0752766, 
1.0752383, 
1.0751467, 
1.0750824, 
1.0750629, 
1.0750496, 
1.0750872, 
1.0751865, 
1.075211, 
1.0751156, 
1.0749395, 
1.0747597, 
1.0746175, 
1.0745993, 
1.0747715, 
1.0749308, 
1.0750072, 
1.0750148, 
1.0749788, 
1.0749289, 
1.0748056, 
1.0746504, 
1.0742933, 
1.0740792, 
1.0740107, 
1.0739325, 
1.0738717, 
1.0737838, 
1.073723, 
1.073493, 
1.0735425, 
1.073498, 
1.0735052, 
1.0734892, 
1.0735549, 
1.0735974, 
1.0736527, 
1.0735384, 
1.0733075, 
1.0730891, 
1.0730306, 
1.0728877, 
1.0729538, 
1.0729992, 
1.0730863, 
1.0730772, 
1.0730382, 
1.0729578, 
1.072863, 
1.0727549, 
1.0724915, 
1.0723693, 
1.0723499, 
1.0722494, 
1.0721619, 
1.0720611, 
1.0718877, 
1.0718797, 
1.0718168, 
1.0717514, 
1.0717322, 
1.0716642, 
1.0716509, 
1.0717241, 
1.0717949, 
1.0716878, 
1.0714893, 
1.0712954, 
1.071161, 
1.0710633, 
1.0710531, 
1.0711387, 
1.071182, 
1.071155, 
1.0711694, 
1.0710313, 
1.0709939, 
1.0709341, 
1.070649, 
1.0703813, 
1.070346, 
1.0702697, 
1.0698632, 
1.0700572, 
1.0698597, 
1.0698614, 
1.0698019, 
1.0697442, 
1.0695986, 
1.069607, 
1.069506, 
1.0695469, 
1.0693046, 
1.0694658, 
1.0693302, 
1.0691819, 
1.0691367, 
1.0690175, 
1.0689729, 
1.0690001, 
1.0690383, 
1.0690669, 
1.0691062, 
1.0690918, 
1.0689654, 
1.0689547, 
1.0688099, 
1.0683281, 
1.0682465, 
1.0681409, 
1.0680643, 
1.0679518, 
1.0679176, 
1.0665776, 
1.067735, 
1.067621, 
1.0675294, 
1.0674328, 
1.0673544, 
1.0672345, 
1.0671986, 
1.0671096, 
1.0670666, 
1.0669916, 
1.0665143, 
1.0667703, 
1.0666481, 
1.0666176, 
1.0666217, 
1.0665756, 
1.066408, 
1.0663295, 
1.0662644, 
1.066283, 
1.0662472, 
1.0657712, 
1.0656731, 
1.0657213, 
1.065636, 
1.0655257, 
1.0654231, 
1.065323, 
1.0652423, 
1.065125, 
1.0638188, 
1.0648109, 
1.0647926, 
1.065087, 
1.0654788, 
1.0654422, 
1.0652692, 
1.0654423, 
1.06476, 
1.0649492, 
1.0651944, 
1.0651776, 
1.0653064, 
1.0655928, 
1.0656023, 
1.0654328, 
1.0655589, 
1.0651692, 
1.0652002, 
1.064732, 
1.0648276, 
1.0643513, 
1.0642364, 
1.0638297, 
1.0639948, 
1.0633368, 
1.0634203, 
1.0636348, 
1.0633848, 
1.0632336, 
1.0631096, 
1.0620304, 
1.063114, 
1.0622804, 
1.0626913, 
1.0627165, 
1.0627187, 
1.0623734, 
1.0623423, 
1.0621868, 
1.0620998, 
1.0623139, 
1.0623524, 
1.0625376, 
1.0626111, 
1.0624126, 
1.062493, 
1.0618037, 
1.061787, 
1.0613586, 
1.0613867, 
1.0609761, 
1.0609498, 
1.0601623, 
1.0608193, 
1.0604208, 
1.0602305, 
1.0598857, 
1.0599853, 
1.060213, 
1.0601069, 
1.0599355, 
1.0599128, 
1.0597924, 
1.0596159, 
1.0595084, 
1.0593528, 
1.0591838, 
1.0590537, 
1.0595692, 
1.059045, 
1.0594416, 
1.0591745, 
1.0590669, 
1.058908, 
1.0591931, 
1.0592159, 
1.0588868, 
1.0583806, 
1.0579787, 
1.0582209, 
1.0575656, 
1.0576212, 
1.0570866, 
1.0572023, 
1.0571681, 
1.0571694, 
1.0568188, 
1.0560954, 
1.0569133, 
1.0566523, 
1.0566317, 
1.0562925, 
1.0567284, 
1.0561903, 
1.0560896, 
1.0556118, 
1.055654, 
1.0561129, 
1.0555413, 
1.0558276, 
1.055738, 
1.0553405, 
1.0558082, 
1.0557138, 
1.0550886, 
1.0548428, 
1.0542063, 
1.0544369, 
1.054513, 
1.0541185, 
1.0538436, 
1.0537442, 
1.0540277, 
1.0536677, 
1.0536445, 
1.053048, 
1.0528313, 
1.0526928, 
1.0527517, 
1.0531591, 
1.0530591, 
1.0526763, 
1.0522038, 
1.0516949, 
1.0518459, 
1.0515772, 
1.0520401, 
1.0519692, 
1.0519145, 
1.051656, 
1.0512948, 
1.0512717, 
1.0512313, 
1.0510677, 
1.0508225, 
1.0504038, 
1.050553, 
1.0496974, 
1.0498397, 
1.0493844, 
1.0493431, 
1.0491289, 
1.0491207, 
1.0484127, 
1.0483426, 
1.0482488, 
1.0488257, 
1.0483006, 
1.0477132, 
1.0480872, 
1.0480965, 
1.0469677, 
1.0470792, 
1.0473093, 
1.0466202, 
1.0469315, 
1.0467559, 
1.0471776, 
1.0465201, 
1.046663, 
1.0466553, 
1.0460998, 
1.0460653, 
1.0459486, 
1.0456758, 
1.044881, 
1.0445522, 
1.0440172, 
1.0441771, 
1.0439215, 
1.0434192, 
1.0426831, 
1.0421091, 
1.0402567, 
1.0401925, 
1.0413148, 
1.0410919, 
1.0407286, 
1.0407946, 
1.0402163, 
1.0400649, 
1.0399983, 
1.0395463, 
1.0390294, 
1.0393265, 
1.0390192, 
1.0386229, 
1.0386387, 
1.0381023, 
1.0381367, 
1.0380733, 
1.038007, 
1.0372719, 
1.0364753, 
1.0368161, 
1.036083, 
1.0355233, 
1.0354097, 
1.0348068, 
1.0344727, 
1.0340717, 
1.0339469, 
1.0336353, 
1.0334424, 
1.0328131, 
1.0328078, 
1.0323069, 
1.0321108, 
1.0317299, 
1.0313511, 
1.0305026, 
1.0301322, 
1.0303943, 
1.0298041, 
1.0296378, 
1.0293436, 
1.0290335, 
1.0287691, 
1.028523, 
1.0276525, 
1.027683, 
1.0275307, 
1.0268358, 
1.0261059, 
1.0256197, 
1.0252259, 
1.0249293, 
1.0243645, 
1.0237685, 
1.0237097, 
1.0230204, 
1.0225217, 
1.0222129, 
1.0215347, 
1.0213158, 
1.0209094, 
1.0201943, 
1.019991, 
1.0199902, 
1.019172, 
1.0185754, 
1.0181928, 
1.0178672, 
1.0169961, 
1.0166852, 
1.0163733, 
1.0159134, 
1.0158914, 
1.0155485, 
1.0149592, 
1.0145004, 
1.0136569, 
1.0129852, 
1.0116848, 
1.010277, 
1.0106901, 
1.0103242, 
1.0096369, 
1.0087883, 
1.0084876, 
1.0069057, 
1.0054479, 
1.0041566, 
0.99920112, 
0.99841225, 
0.99791205, 
0.99568337, 
0.9949103, 
0.99409753, 
0.99245596, 
0.99143082, 
0.98936564, 
0.9876104, 
0.98575824, 
0.98500413, 
0.98413074, 
0.98342025, 
0.98235643, 
0.98052627, 
0.97879487, 
0.97787786, 
0.97706556, 
0.97605234, 
0.9750731, 
0.97201908, 
0.97094226, 
0.97011942, 
0.96815789, 
0.96770638, 
0.96455103, 
0.96261108, 
0.96168566, 
0.95950818, 
0.95890743, 
0.95708066, 
0.95610219, 
0.95493656, 
0.95379245, 
0.95194578, 
0.95031291, 
0.94852096, 
0.94741178, 
0.94344372, 
0.94268376, 
0.94060993, 
0.93756497, 
0.93352902, 
0.93265671, 
0.93186873, 
0.92981791, 
0.92893851, 
0.92790729, 
0.92702574, 
0.92501628, 
0.92412001, 
0.92107511, 
0.91809165, 
0.91700596, 
0.91612583, 
0.914186, 
0.9120177, 
0.91101068, 
0.91014606, 
0.90607607, 
0.90202695, 
0.90019244, 
0.89921862, 
0.89709532, 
0.89435118, 
0.89000225, 
0.8892352, 
0.88783264, 
0.88724267, 
0.8819775, 
