1.0750237,
1.0778315, 
1.0791167, 
1.0799077, 
1.0804976, 
1.0807844, 
1.0809534, 
1.0811712, 
1.0814216, 
1.081539, 
1.081659, 
1.081647, 
1.0817413, 
1.0804996, 
1.0817536, 
1.0817475, 
1.0818046, 
1.0817878, 
1.0818305, 
1.0818299, 
1.0818619, 
1.0818647, 
1.081865, 
1.081857, 
1.0818405, 
1.0818326, 
1.0818551, 
1.0819111, 
1.0819091, 
1.0818996, 
1.0807374, 
1.0818708, 
1.0819103, 
1.0818493, 
1.0818943, 
1.0818889, 
1.0819107, 
1.0818768, 
1.0818894, 
1.0819097, 
1.081838, 
1.0818161, 
1.0818168, 
1.0817231, 
1.0817641, 
1.0817853, 
1.0817685, 
1.080546, 
1.0817469, 
1.081803, 
1.0820572, 
1.0822545, 
1.0823451, 
1.0823593, 
1.0820075, 
1.0816513, 
1.0815879, 
1.0815945, 
1.0815988, 
1.0815966, 
1.0815229, 
1.0814826, 
1.08143, 
1.0813816, 
1.0801325, 
1.0812919, 
1.0812783, 
1.0812535, 
1.0812278, 
1.081226, 
1.0811838, 
1.0811651, 
1.0811297, 
1.0811045, 
1.0810908, 
1.0810608, 
1.0810627, 
1.0810243, 
1.0809711, 
1.0809288, 
1.0809271, 
1.0808563, 
1.0808783, 
1.0808513, 
1.0808234, 
1.0807726, 
1.0807102, 
1.0806913, 
1.0806205, 
1.0806261, 
1.0805516, 
1.0805589, 
1.0805253, 
1.0804725, 
1.0804385, 
1.0804145, 
1.0803418, 
1.0802974, 
1.0802134, 
1.0802411, 
1.0801983, 
1.0801356, 
1.080092, 
1.0800625, 
1.0788046, 
1.0799303, 
1.0799013, 
1.0798967, 
1.0798903, 
1.0798599, 
1.0798687, 
1.0798177, 
1.0797939, 
1.0797153, 
1.0796556, 
1.0796218, 
1.0796994, 
1.0796344, 
1.0796021, 
1.0795627, 
1.0795836, 
1.0782613, 
1.0793961, 
1.079381, 
1.0792295, 
1.0792507, 
1.0791699, 
1.0791347, 
1.0791086, 
1.0790555, 
1.0789875, 
1.0789076, 
1.0788195, 
1.0788108, 
1.078669, 
1.0787088, 
1.0786475, 
1.0786794, 
1.0773991, 
1.0786067, 
1.0785633, 
1.0784587, 
1.0783614, 
1.0783561, 
1.0782779, 
1.0782796, 
1.0781356, 
1.0780953, 
1.0780655, 
1.0781089, 
1.0779654, 
1.0779643, 
1.0778754, 
1.0778325, 
1.0775734, 
1.0776808, 
1.0775959, 
1.0775312, 
1.0774955, 
1.0774488, 
1.0762479, 
1.0775687, 
1.0776427, 
1.077612, 
1.0774491, 
1.0773152, 
1.0771662, 
1.0771297, 
1.0771821, 
1.0773178, 
1.0773594, 
1.0773957, 
1.077396, 
1.0772827, 
1.0772061, 
1.0770324, 
1.0767881, 
1.0754905, 
1.0766608, 
1.0766145, 
1.076556, 
1.0764765, 
1.0764209, 
1.0763284, 
1.0762496, 
1.0761962, 
1.0761734, 
1.0761536, 
1.0761386, 
1.0762618, 
1.0762775, 
1.0761957, 
1.0759705, 
1.0758063, 
1.0751985, 
1.0756868, 
1.0758423, 
1.0759815, 
1.0760889, 
1.0760622, 
1.0760821, 
1.0759966, 
1.0758638, 
1.0756401, 
1.0752801, 
1.0751603, 
1.0750558, 
1.0749389, 
1.0748587, 
1.0747945, 
1.0747231, 
1.0746715, 
1.0746176, 
1.0745595, 
1.0745751, 
1.0745424, 
1.0745727, 
1.0735283, 
1.0746851, 
1.0744638, 
1.0742133, 
1.0741003, 
1.0739884, 
1.0739974, 
1.0740528, 
1.0741931, 
1.0741731, 
1.0741228, 
1.0740926, 
1.0740019, 
1.0739059, 
1.073635, 
1.0734835, 
1.0734372, 
1.0733192, 
1.0732523, 
1.0732309, 
1.0730878, 
1.0730034, 
1.0729517, 
1.0716498, 
1.0728513, 
1.0728316, 
1.072781, 
1.0728762, 
1.072916, 
1.0728644, 
1.0726163, 
1.0724019, 
1.0722985, 
1.0721896, 
1.0722237, 
1.0723357, 
1.0723685, 
1.0723443, 
1.0723251, 
1.072069, 
1.0715899, 
1.0720426, 
1.0717628, 
1.0716014, 
1.0715262, 
1.0714655, 
1.070137, 
1.07127, 
1.0712239, 
1.0711575, 
1.0710751, 
1.0709838, 
1.0708944, 
1.0708165, 
1.0707951, 
1.0708505, 
1.0708559, 
1.0707084, 
1.0705845, 
1.0705515, 
1.0704173, 
1.0702803, 
1.0703046, 
1.0691066, 
1.070455, 
1.0704377, 
1.070426, 
1.0704069, 
1.0703751, 
1.070212, 
1.0698788, 
1.0696039, 
1.0695032, 
1.0694333, 
1.0693603, 
1.0692784, 
1.0692009, 
1.0691087, 
1.0690097, 
1.0689524, 
1.068882, 
1.0688399, 
1.0687231, 
1.0686622, 
1.0685673, 
1.0685351, 
1.0672032, 
1.0683233, 
1.0682487, 
1.0682001, 
1.0681351, 
1.0681298, 
1.0680984, 
1.068081, 
1.0680072, 
1.0679111, 
1.067904, 
1.0676577, 
1.0674438, 
1.0673233, 
1.0672336, 
1.0671792, 
1.067042, 
1.0667132, 
1.0668806, 
1.0667965, 
1.0666962, 
1.0665977, 
1.0665336, 
1.0654975, 
1.0670751, 
1.067354, 
1.0673351, 
1.0672656, 
1.0671287, 
1.0670393, 
1.0669872, 
1.0671012, 
1.0672864, 
1.0673673, 
1.067386, 
1.0674815, 
1.0674531, 
1.067381, 
1.0673261, 
1.0669353, 
1.0648417, 
1.0661987, 
1.0660297, 
1.065801, 
1.0656947, 
1.0655774, 
1.0654639, 
1.0653727, 
1.0652785, 
1.065197, 
1.0650319, 
1.0649804, 
1.0648519, 
1.0647719, 
1.0647812, 
1.0646361, 
1.0644919, 
1.0643679, 
1.0643543, 
1.0644326, 
1.0645221, 
1.0645759, 
1.0646062, 
1.0632931, 
1.0644734, 
1.0644271, 
1.0643343, 
1.0639386, 
1.0634884, 
1.0634191, 
1.063262, 
1.0630679, 
1.0629522, 
1.0628046, 
1.0627408, 
1.0626558, 
1.0625743, 
1.0624521, 
1.062351, 
1.0623116, 
1.0620264, 
1.0621885, 
1.0620461, 
1.0618449, 
1.0616606, 
1.0615089, 
1.0602344, 
1.0615755, 
1.0616491, 
1.0616761, 
1.0616779, 
1.061623, 
1.0615946, 
1.0614836, 
1.0611761, 
1.0608568, 
1.060555, 
1.0603743, 
1.0599446, 
1.0599625, 
1.0597566, 
1.0596957, 
1.0595684, 
1.0582554, 
1.0591807, 
1.0592586, 
1.058979, 
1.0591748, 
1.0590302, 
1.0590205, 
1.0588206, 
1.0582948, 
1.0582652, 
1.0576957, 
1.058152, 
1.0575329, 
1.0582108, 
1.0582402, 
1.0579901, 
1.0580856, 
1.0579504, 
1.0578377, 
1.0571897, 
1.0571507, 
1.0566165, 
1.0564859, 
1.0549916, 
1.0559865, 
1.0560797, 
1.055997, 
1.0557464, 
1.0553422, 
1.0556172, 
1.0553344, 
1.0553819, 
1.0549221, 
1.0549819, 
1.0549971, 
1.0545633, 
1.0545707, 
1.0540817, 
1.0542026, 
1.0542033, 
1.0541775, 
1.0540112, 
1.0537788, 
1.0535693, 
1.0531572, 
1.0533719, 
1.0526025, 
1.0529169, 
1.0523597, 
1.0525413, 
1.05207, 
1.0519316, 
1.0502107, 
1.0517124, 
1.0512151, 
1.0513505, 
1.050984, 
1.0508376, 
1.0504296, 
1.0503485, 
1.0499569, 
1.0499952, 
1.0498532, 
1.0494213, 
1.049227, 
1.0490316, 
1.049156, 
1.0490512, 
1.0490583, 
1.0488847, 
1.0488063, 
1.048815, 
1.0480522, 
1.0468856, 
1.0471077, 
1.0471309, 
1.0470328, 
1.0464694, 
1.04651, 
1.0457525, 
1.0451345, 
1.0434399, 
1.0416425, 
1.0439167, 
1.0424304, 
1.0431284, 
1.0431106, 
1.0429872, 
1.0426652, 
1.0425892, 
1.0419903, 
1.0415993, 
1.0414017, 
1.0413063, 
1.0411466, 
1.0412271, 
1.0396154, 
1.0407649, 
1.0405024, 
1.0403645, 
1.0398836, 
1.0389669, 
1.0389304, 
1.0382979, 
1.0381274, 
1.03736, 
1.0374645, 
1.0371398, 
1.0367591, 
1.03634, 
1.0358411, 
1.0355357, 
1.0352788, 
1.0348177, 
1.0346214, 
1.0339793, 
1.0337466, 
1.0331333, 
1.0325967, 
1.0310208, 
1.0316057, 
1.0314709, 
1.0312237, 
1.0308282, 
1.0301007, 
1.0295349, 
1.0292627, 
1.0284702, 
1.0278904, 
1.0275209, 
1.0269555, 
1.0262762, 
1.0259491, 
1.0256282, 
1.0250359, 
1.0243695, 
1.0241239, 
1.0234371, 
1.0230587, 
1.0226007, 
1.0217786, 
1.0212852, 
1.0209531, 
1.0203975, 
1.019437, 
1.0189379, 
1.0183845, 
1.0178964, 
1.0173428, 
1.0171005, 
1.0164882, 
1.016224, 
1.0157013, 
1.0137173, 
1.0146306, 
1.0140599, 
1.0129086, 
1.0121166, 
1.0116031, 
1.0100092, 
1.0079451, 
1.0041485, 
1.0024611, 
1.0010594, 
1.0005023, 
0.99983013, 
0.99535728, 
0.99051017, 
0.98037314, 
0.97839141, 
0.97525114, 
0.97336888, 
0.97162598, 
0.96925026, 
0.96850324, 
0.96632689, 
0.96538138, 
0.96339864, 
0.96192515, 
0.96120209, 
0.95998996, 
0.95686424, 
0.9548226, 
0.94967192, 
0.94570029, 
0.94443601, 
0.94385761, 
0.93782419, 
0.93666959, 
0.93170291, 
0.92960739, 
0.92849082, 
0.92528951, 
0.9210099, 
0.91997081, 
0.91788518, 
0.91688573, 
0.9136855, 
0.91163898, 
0.90340531, 
0.90238303, 
0.89932233, 
0.89381528, 
0.89310646, 
0.89107281, 
0.88900203, 
0.88688117, 