1.0719458,
1.0748194, 
1.076063, 
1.0766596, 
1.0771673, 
1.0774544, 
1.077722, 
1.0779625, 
1.0781716, 
1.0783199, 
1.0784283, 
1.0784422, 
1.0784914, 
1.0773222, 
1.0785298, 
1.0785834, 
1.078631, 
1.0786072, 
1.0786502, 
1.078655, 
1.0786675, 
1.0786946, 
1.0786744, 
1.0786538, 
1.0786886, 
1.0786824, 
1.0786811, 
1.0786976, 
1.0787258, 
1.0787003, 
1.0774906, 
1.0787091, 
1.0786984, 
1.0787129, 
1.078703, 
1.0787079, 
1.0787163, 
1.0787128, 
1.0786955, 
1.0787122, 
1.0786238, 
1.0786607, 
1.0786549, 
1.0786166, 
1.0786062, 
1.0786067, 
1.0786139, 
1.0773886, 
1.0785834, 
1.0787735, 
1.0789655, 
1.0791242, 
1.0792633, 
1.0792918, 
1.0788085, 
1.0784785, 
1.078389, 
1.0783616, 
1.0783273, 
1.0783263, 
1.0782512, 
1.0781986, 
1.0781596, 
1.0781298, 
1.0768802, 
1.0780566, 
1.0780436, 
1.0779868, 
1.0779625, 
1.0779452, 
1.0779158, 
1.0778847, 
1.0778587, 
1.0778339, 
1.0777999, 
1.0777122, 
1.0777344, 
1.0776854, 
1.0776592, 
1.0776047, 
1.0775789, 
1.0775095, 
1.0775069, 
1.0774448, 
1.0774205, 
1.0773113, 
1.0773058, 
1.0772825, 
1.0772604, 
1.0772251, 
1.0771841, 
1.0771409, 
1.0771136, 
1.0770733, 
1.077042, 
1.0769547, 
1.0769221, 
1.0768815, 
1.0768373, 
1.0768065, 
1.0767663, 
1.0767136, 
1.0766395, 
1.0766343, 
1.0753748, 
1.0764859, 
1.0764009, 
1.0764471, 
1.0763961, 
1.0763607, 
1.0763454, 
1.076319, 
1.0762656, 
1.0761932, 
1.0761234, 
1.0760611, 
1.0760233, 
1.076009, 
1.0759854, 
1.0759176, 
1.0759106, 
1.0746417, 
1.0757655, 
1.0756928, 
1.0755979, 
1.0755388, 
1.0754939, 
1.0754694, 
1.0753844, 
1.0753375, 
1.0752665, 
1.0752004, 
1.0750991, 
1.0751019, 
1.0749551, 
1.0749594, 
1.0748974, 
1.0748652, 
1.0735927, 
1.0747972, 
1.0745769, 
1.0745546, 
1.0745403, 
1.0744615, 
1.0744104, 
1.0743005, 
1.0742813, 
1.074234, 
1.0741931, 
1.0742111, 
1.0741087, 
1.0740601, 
1.0739983, 
1.0739244, 
1.0726635, 
1.0738045, 
1.0737115, 
1.0736685, 
1.073603, 
1.0735849, 
1.0735949, 
1.0737147, 
1.073693, 
1.0736157, 
1.0734521, 
1.0732477, 
1.0732068, 
1.073068, 
1.073168, 
1.0732577, 
1.0733042, 
1.0720963, 
1.0732421, 
1.0731499, 
1.0730129, 
1.0728112, 
1.072593, 
1.0724962, 
1.0723897, 
1.072301, 
1.0722303, 
1.0721459, 
1.0720719, 
1.0720845, 
1.071892, 
1.0718445, 
1.071848, 
1.0707089, 
1.0720208, 
1.0719992, 
1.0718395, 
1.0716028, 
1.0714469, 
1.071326, 
1.0714592, 
1.0716451, 
1.0717546, 
1.0717801, 
1.0717634, 
1.071716, 
1.0715964, 
1.0715005, 
1.0710949, 
1.0708168, 
1.069543, 
1.0706291, 
1.070555, 
1.0704588, 
1.0703716, 
1.0703149, 
1.0702239, 
1.0701407, 
1.0701485, 
1.070116, 
1.0701225, 
1.0702184, 
1.070303, 
1.0700866, 
1.0698333, 
1.0696121, 
1.0694784, 
1.0682081, 
1.0695143, 
1.0695884, 
1.0696163, 
1.0695866, 
1.0695051, 
1.0694554, 
1.0693084, 
1.0690751, 
1.0688245, 
1.0687491, 
1.0686713, 
1.0685804, 
1.0684854, 
1.0683799, 
1.0683292, 
1.0682313, 
1.0678236, 
1.068115, 
1.0680977, 
1.0680591, 
1.068107, 
1.068195, 
1.0681207, 
1.0679114, 
1.0676577, 
1.06756, 
1.0673954, 
1.0674274, 
1.0675138, 
1.0675477, 
1.0675381, 
1.067495, 
1.0674312, 
1.067292, 
1.0672082, 
1.0668536, 
1.0666709, 
1.066564, 
1.0664992, 
1.0664042, 
1.0662922, 
1.0661851, 
1.0660849, 
1.0660118, 
1.065906, 
1.06583, 
1.0657052, 
1.0657032, 
1.0657613, 
1.0657187, 
1.0655475, 
1.0653716, 
1.0652834, 
1.0651902, 
1.0650778, 
1.0651319, 
1.0639396, 
1.0652325, 
1.0652624, 
1.0651971, 
1.065142, 
1.0651212, 
1.0648811, 
1.0644953, 
1.0642704, 
1.0641366, 
1.0640303, 
1.0639284, 
1.0638034, 
1.0637019, 
1.0636063, 
1.0635052, 
1.0634154, 
1.0620911, 
1.0631953, 
1.0631572, 
1.0630823, 
1.0629971, 
1.0628992, 
1.0628216, 
1.0627017, 
1.0625448, 
1.0624775, 
1.0624628, 
1.0624286, 
1.0624876, 
1.0623603, 
1.0622615, 
1.0622075, 
1.0621144, 
1.0605853, 
1.0616753, 
1.061582, 
1.0614874, 
1.0613707, 
1.0612313, 
1.0611515, 
1.0610484, 
1.0609261, 
1.0608158, 
1.0606846, 
1.0606291, 
1.0610976, 
1.0613877, 
1.0614171, 
1.061347, 
1.061175, 
1.0598428, 
1.0608757, 
1.060936, 
1.0611756, 
1.0612849, 
1.0612084, 
1.0613649, 
1.0612375, 
1.0610474, 
1.0609475, 
1.0608765, 
1.060481, 
1.0601777, 
1.0598577, 
1.0596435, 
1.0594546, 
1.059325, 
1.0579998, 
1.059095, 
1.0589708, 
1.0588059, 
1.0587162, 
1.0584818, 
1.058561, 
1.0585502, 
1.0583718, 
1.0579655, 
1.0579827, 
1.0578302, 
1.0577666, 
1.0578157, 
1.0576633, 
1.0578845, 
1.0577279, 
1.057521, 
1.0577391, 
1.0576434, 
1.0576022, 
1.057153, 
1.0568552, 
1.0563902, 
1.0560567, 
1.0561292, 
1.0556365, 
1.055793, 
1.055671, 
1.0555452, 
1.0553696, 
1.0550429, 
1.054917, 
1.0550743, 
1.0547312, 
1.0548885, 
1.0546995, 
1.0544983, 
1.0541483, 
1.0540776, 
1.0525438, 
1.0536963, 
1.0537902, 
1.0540746, 
1.0539441, 
1.0539147, 
1.0535964, 
1.0537381, 
1.0530512, 
1.0526019, 
1.0524597, 
1.0523353, 
1.0521724, 
1.0519059, 
1.0514311, 
1.0512165, 
1.0513151, 
1.051302, 
1.0509565, 
1.050861, 
1.0507324, 
1.0508382, 
1.0504813, 
1.0490282, 
1.0503228, 
1.0496848, 
1.049762, 
1.0495195, 
1.0492721, 
1.0493069, 
1.0492773, 
1.0489408, 
1.0489476, 
1.0491129, 
1.0484537, 
1.0482975, 
1.0478885, 
1.0475315, 
1.0474942, 
1.0473019, 
1.0466425, 
1.0468224, 
1.0464053, 
1.0461026, 
1.0456264, 
1.0456821, 
1.0443254, 
1.0451853, 
1.0449079, 
1.045027, 
1.0444957, 
1.0446121, 
1.0422099, 
1.0441419, 
1.0435462, 
1.0433168, 
1.0430993, 
1.0429363, 
1.0430256, 
1.0427316, 
1.0425857, 
1.042357, 
1.0421194, 
1.0416652, 
1.0412954, 
1.0413001, 
1.0408849, 
1.0404476, 
1.0396575, 
1.039855, 
1.0396643, 
1.0394806, 
1.0385761, 
1.0383325, 
1.03834, 
1.0365078, 
1.0373914, 
1.0373086, 
1.0370154, 
1.0365697, 
1.0347081, 
1.0359524, 
1.0354376, 
1.0353961, 
1.0348929, 
1.0348442, 
1.034695, 
1.034387, 
1.0340303, 
1.0340294, 
1.0334123, 
1.033011, 
1.0325058, 
1.0319151, 
1.0314081, 
1.0307415, 
1.030625, 
1.0299815, 
1.0294027, 
1.0284796, 
1.0270153, 
1.0265794, 
1.0262649, 
1.0254309, 
1.024959, 
1.0246599, 
1.0241696, 
1.0237714, 
1.0232565, 
1.0230711, 
1.0226462, 
1.0222487, 
1.0217708, 
1.0209852, 
1.0206994, 
1.0200531, 
1.0196599, 
1.0189544, 
1.0185419, 
1.0177959, 
1.0170726, 
1.0162202, 
1.0156553, 
1.0153799, 
1.014542, 
1.0133488, 
1.0132406, 
1.0126454, 
1.0120616, 
1.0113313, 
1.010595, 
1.0087113, 
1.0097685, 
1.0089052, 
1.0081965, 
1.0076797, 
1.006742, 
1.0047498, 
1.0053524, 
1.0039439, 
0.99846333, 
0.99571294, 
0.99492115, 
0.99228472, 
0.99068338, 
0.99040514, 
0.98783338, 
0.9870441, 
0.98579937, 
0.98529088, 
0.98336077, 
0.98262042, 
0.98125619, 
0.97960573, 
0.97892612, 
0.97786647, 
0.97628665, 
0.97317219, 
0.97216177, 
0.96959114, 
0.96919984, 
0.96272564, 
0.96183413, 
0.96050084, 
0.95749873, 
0.95565784, 
0.94709319, 
0.9462952, 
0.93956155, 
0.93434197, 
0.93311274, 
0.93088484, 
0.92758685, 
0.92642456, 
0.91997576, 
0.91861653, 
0.90466005, 
0.892299, 
0.879287, 